[gd_scene load_steps=2 format=3 uid="uid://gea6yaqoucvf"]

[sub_resource type="Environment" id="Environment_tc7kr"]
background_color = Color(0, 0, 0, 0)
ambient_light_source = 2
ambient_light_color = Color(0.37792, 0.377919, 0.377919, 1)
tonemap_mode = 2
ssao_radius = 4.76
ssao_intensity = 16.0
fog_density = 0.2126

[node name="IconStudio" type="SubViewport"]
transparent_bg = true
msaa_3d = 2
size = Vector2i(96, 96)
render_target_update_mode = 4

[node name="WorldEnvironment" type="WorldEnvironment" parent="."]
environment = SubResource("Environment_tc7kr")

[node name="DirectionalLight3D" type="DirectionalLight3D" parent="."]
transform = Transform3D(-0.5, 0.612372, -0.612372, 0, 0.707107, 0.707106, 0.866026, 0.353553, -0.353553, 0, 0, 0)
shadow_enabled = true

[node name="CameraRoot" type="Node3D" parent="."]
transform = Transform3D(0.707106, 0, -0.707106, 0, 1, 0, 0.707106, 0, 0.707106, 0, 0, 0)

[node name="Pitch" type="Node3D" parent="CameraRoot"]
transform = Transform3D(1, 0, 0, 0, 0.707107, 0.707107, 0, -0.707107, 0.707107, 0, 0, 0)

[node name="Camera3D" type="Camera3D" parent="CameraRoot/Pitch"]
transform = Transform3D(1, -2.23517e-08, 2.98023e-08, 0, 1, 4.47035e-08, 0, -2.38419e-07, 1, 0, 0, 6.03268)
projection = 1
current = true
size = 5.02723
